40 40
4 h 15 35
4 h 15 31
2 h 24 31
2 h 3 13
4 h 5 37
3 h 20 33
3 v 15 27
3 h 4 21
2 h 28 37
3 h 4 19
4 h 10 37
4 h 0 37
4 h 0 29
4 h 5 23
3 v 17 27
3 h 4 15
3 h 24 37
2 h 0 13
4 h 10 35
4 h 0 27
4 h 10 29
4 h 0 35
4 h 5 27
3 h 20 39
1 h 26 21
4 h 15 33
4 h 5 25
4 h 5 31
3 h 0 15
1 h 22 21
4 h 5 33
1 h 37 17
3 h 0 17
4 h 5 35
4 h 0 23
3 h 20 31
3 h 10 23
3 h 4 17
3 h 0 21
4 h 5 39
1 h 27 9
4 h 10 27
4 h 5 29
2 h 3 11
2 h 28 39
3 h 20 35
4 h 0 39
3 h 20 37
4 h 10 39
3 h 10 25
4 h 10 31
4 h 15 37
3 h 24 39
3 h 0 19
2 h 24 33
2 h 28 35
2 h 0 9
4 h 0 25
4 h 0 33
4 h 15 39
3 h 24 35
4 h 0 31
4 h 10 33
2 h 0 11
1 h 35 8
